Rmarker2world(:,:,1) = [0.617798803 -0.785149887 0.0431774601; 0.725979837 0.548421115 -0.414954886 ;0.302122351 0.287704598 0.908816895;]
Rmarker2world(:,:,2) = [0.596088872 -0.785807871 0.164875852 ;0.7880976 0.61188982 0.0670299933 ;-0.153558552 0.0899824304 0.98403401;]
Rmarker2world(:,:,3) = [0.776371262 -0.627528723 -0.0587823575; 0.625685954 0.77859323 -0.0480590091; 0.0759259542 0.000532338145 0.997113317;]
Rmarker2world(:,:,4) = [0.25111697 -0.901981575 0.351239955 ;0.957606863 0.178576674 -0.226051914 ;0.141171399 0.393115263 0.90858738;]
Rmarker2world(:,:,5) = [0.465650577 -0.883703606 0.0473019792; 0.77353162 0.380467622 -0.506846348 ;0.429905074 0.272602871 0.86073765;] 
Rmarker2world(:,:,6) = [0.759646807 -0.650085224 0.0180535555; 0.610048229 0.702693968 -0.366145252; 0.225339494 0.289154611 0.930382568;]
Rmarker2world(:,:,7) = [0.695086999 -0.713415168 0.0888417761; 0.692520412 0.697609096 0.183730858; -0.193053212 -0.0661841874 0.978953579 ;]
Rmarker2world(:,:,8) = [0.295845268 -0.89641948 0.330011656 ;0.890086369 0.384094898 0.245392267 ;-0.346730202 0.221140736 0.911523418 ;]
Rmarker2world(:,:,9) = [0.171083048 -0.878103044 0.446839608; 0.983267083 0.12336165 -0.134043824 ;0.0625814188 0.462295304 0.884514905;]
Rmarker2world(:,:,10) = [0.559412073 -0.808181002 0.184123874; 0.828885318 0.544710822 -0.127433316; 0.00269491852 0.223905311 0.974607177 ;]


Tmarker2world(:,1) = [-14.6218739 -62.3212618 825.958305]'; 
Tmarker2world(:,2) = [-25.9584668 -74.345926 777.931026 ]';
Tmarker2world(:,3) = [24.3088108 -73.8800273 784.11374 ]';
Tmarker2world(:,4) = [-71.1182763 -65.593057 818.04336]';
Tmarker2world(:,5) = [-37.2372288 -52.8136584 859.138709 ]';
Tmarker2world(:,6) = [17.7845932 -57.865284 828.589461]';
Tmarker2world(:,7) = [-3.89747341 -84.9501063 766.046231]';
Tmarker2world(:,8) = [-65.5590068 -77.2999188 771.69708 ]';
Tmarker2world(:,9) = [-89.0040315 -59.0300283 827.485678 ]';
Tmarker2world(:,10) = [-21.4166417 -60.7894969 810.089738]';


for i=1:10
	Hmarker2world(:,:,i) = [Rmarker2world(:,:,i) Tmarker2world(:,i); [ 0 0 0 1]];
end